# Camera intrinsics

#('D = ', [-0.14456208769483733, 0.0956464434761842, -0.0003339360973584836, 0.001189880672278781, 0.0])
#('K = ', [1355.5208815677006, 0.0, 968.0257038451173, 0.0, 1352.084042481766, 600.9755662222727, 0.0, 0.0, 1.0])
#('R = ', [1.0, 0.0, 0.0, 0.0, 1.0, 0.0, 0.0, 0.0, 1.0])
#('P = ', [1286.0908203125, 0.0, 970.8918566781795, 0.0, 0.0, 1316.2388916015625, 600.3382281478516, 0.0, 0.0, 0.0, 1.0, 0.0])

[image]

width
1936

height
1216

[UI306xCP-M]

camera matrix
1355.52088 0.00000 968.02570 
0.00000 1352.08404 600.97557 
0.00000 0.00000 1.00000 

distortion
-0.14456 0.09565 -0.00033 0.00119 0.00000 


rectification
1.00000 0.00000 0.00000 
0.00000 1.00000 0.00000 
0.00000 0.00000 1.00000 

projection
1286.09082 0.00000 970.89186 0.00000 
0.00000 1316.23889 600.33823 0.00000 
0.00000 0.00000 1.00000 0.00000 
