# Camera intrinsics

#('D = ', [-0.13237455968027617, 0.08368631496769224, 0.001333504570322557, 0.0012658918051750966, 0.0])
#('K = ', [687.9184476069601, 0.0, 495.7495382813895, 0.0, 687.107157922058, 303.2563855955948, 0.0, 0.0, 1.0])
#('R = ', [1.0, 0.0, 0.0, 0.0, 1.0, 0.0, 0.0, 0.0, 1.0])
#('P = ', [655.2818603515625, 0.0, 497.8221211484488, 0.0, 0.0, 670.801513671875, 303.8135772450405, 0.0, 0.0, 0.0, 1.0, 0.0])

[image]

width
968

height
608

[UI306xCP-M]

camera matrix
687.91845 0.00000 495.74954 
0.00000 687.10716 303.25639 
0.00000 0.00000 1.00000 

distortion
-0.13237 0.08369 0.00133 0.00127 0.00000 


rectification
1.00000 0.00000 0.00000 
0.00000 1.00000 0.00000 
0.00000 0.00000 1.00000 

projection
655.28186 0.00000 497.82212 0.00000 
0.00000 670.80151 303.81358 0.00000 
0.00000 0.00000 1.00000 0.00000 
